n = 200, k = 10  ,n1 = 50  

  13|   74|   81|   84|   88|   88|   94|  105|  115|  124| 

n = 200, k = 10  ,n2 = 100 

  13|   14|   26|   56|   59|   62|   74|   81|   84|   84| 

n = 200, k = 10  ,n3 = 150 

   5|   11|   13|   14|   26|   56|   59|   62|   74|   81| 

n = 200, k = 50  ,n1 = 50  

  77|  108|  112|  134|  148|  164|  224|  226|  240|  248|  260|  261|  277|  282|  312|  426|  431|  437|  437|  444|  446|  467|  506|  539|  545|  555|  562|  564|  573|  597|  607|  631|  633|  664|  670|  674|  684|  691|  714|  787|  818|  822|  827|  846|  846|  847|  860|  883|  971|  996| 

n = 200, k = 50  ,n2 = 100 

   6|   10|   28|   45|   68|   74|   77|  108|  112|  112|  134|  148|  164|  196|  212|  222|  224|  226|  240|  248|  260|  261|  265|  270|  277|  282|  312|  329|  386|  388|  394|  425|  426|  431|  431|  437|  437|  444|  446|  467|  469|  471|  492|  499|  506|  520|  536|  539|  545|  553| 

n = 200, k = 50  ,n3 = 150 

   1|    6|    7|   10|   20|   28|   35|   45|   51|   68|   74|   77|   80|   94|  103|  108|  112|  112|  134|  148|  164|  178|  185|  186|  188|  195|  196|  212|  222|  224|  226|  240|  241|  246|  248|  260|  261|  261|  265|  270|  272|  277|  282|  312|  324|  329|  364|  386|  388|  394| 

n = 200, k = 100 ,n1 = 50  

  34|   68|   81|   98|  112|  124|  128|  133|  137|  138|  212|  232|  236|  252|  279|  345|  358|  358|  429|  467|  472|  473|  484|  497|  599|  602|  613|  629|  636|  640|  642|  647|  661|  699|  734|  753|  780|  809|  821|  831|  846|  868|  892|  902|  908|  920|  933|  936|  940|  960|  996| 

n = 200, k = 100 ,n2 = 100 

  11|   34|   68|   81|   98|   99|   99|  102|  112|  124|  128|  133|  137|  137|  138|  199|  212|  216|  216|  232|  236|  239|  252|  273|  279|  309|  325|  345|  358|  358|  406|  429|  431|  444|  467|  472|  473|  484|  485|  493|  497|  511|  519|  548|  564|  569|  570|  599|  602|  609|  610|  613|  615|  629|  636|  640|  642|  643|  647|  661|  692|  696|  699|  724|  734|  740|  753|  770|  780|  786|  790|  799|  807|  809|  813|  815|  821|  831|  846|  847|  868|  873|  877|  892|  899|  902|  908|  909|  915|  920|  933|  936|  940|  940|  943|  950|  960|  961|  986|  996| 

n = 200, k = 100 ,n3 = 150 

   8|   11|   34|   68|   81|   98|   99|   99|  102|  110|  112|  119|  122|  124|  128|  133|  137|  137|  138|  144|  150|  153|  157|  194|  199|  202|  205|  212|  215|  216|  216|  232|  236|  239|  252|  259|  265|  266|  273|  278|  279|  287|  309|  311|  325|  345|  358|  358|  360|  386|  406|  424|  429|  431|  444|  451|  459|  467|  472|  473|  484|  485|  493|  497|  511|  519|  548|  552|  564|  569|  570|  585|  599|  602|  606|  609|  609|  610|  613|  615|  620|  629|  636|  640|  642|  643|  647|  661|  661|  678|  682|  684|  686|  690|  692|  692|  696|  698|  699|  719| 

n = 400, k = 10  ,n1 = 100 

   1|    1|    2|    2|    3|   22|   46|   58|   60|   62| 

n = 400, k = 10  ,n2 = 200 

   1|    1|    2|    2|    3|   14|   22|   22|   22|   36| 

n = 400, k = 10  ,n3 = 300 

   1|    1|    2|    2|    3|    3|   13|   14|   22|   22| 

n = 400, k = 50  ,n1 = 100 

   2|   17|   27|   28|   39|   42|   44|   57|   63|   67|   69|   91|   92|   97|  100|  103|  117|  127|  135|  138|  141|  143|  144|  174|  209|  221|  234|  264|  280|  299|  315|  340|  360|  372|  372|  373|  387|  390|  394|  407|  439|  442|  458|  475|  478|  484|  487|  542|  582|  589| 

n = 400, k = 50  ,n2 = 200 

   2|    3|   17|   24|   27|   28|   39|   42|   44|   50|   52|   55|   57|   63|   67|   69|   79|   91|   92|   92|   97|  100|  101|  103|  107|  117|  125|  127|  130|  135|  138|  141|  143|  144|  150|  174|  178|  183|  196|  196|  198|  199|  205|  208|  209|  221|  230|  234|  237|  255| 

n = 400, k = 50  ,n3 = 300 

   2|    3|   17|   19|   21|   24|   27|   28|   34|   39|   42|   44|   50|   52|   53|   54|   55|   57|   58|   61|   63|   67|   67|   69|   79|   79|   91|   92|   92|   97|   98|  100|  101|  101|  103|  106|  107|  111|  117|  120|  125|  127|  130|  135|  135|  138|  141|  143|  144|  150| 

n = 400, k = 100 ,n1 = 100 

   2|   18|   19|   24|   27|   40|   48|   50|   64|   77|   88|   90|  104|  108|  112|  114|  116|  123|  125|  135|  142|  150|  171|  173|  176|  203|  212|  231|  253|  254|  263|  275|  295|  304|  313|  313|  315|  319|  352|  358|  359|  363|  363|  366|  392|  400|  406|  430|  433|  439|  441|  452|  475|  482|  482|  494|  504|  523|  525|  529|  533|  547|  551|  561|  572|  582|  594|  602|  610|  634|  651|  658|  663|  664|  699|  707|  732|  738|  739|  745|  756|  767|  784|  788|  790|  795|  823|  837|  838|  839|  868|  869|  889|  889|  907|  929|  931|  968|  973|  979| 

n = 400, k = 100 ,n2 = 200 

   0|    2|    3|    6|   18|   18|   19|   24|   27|   33|   40|   48|   50|   55|   60|   64|   68|   77|   78|   88|   90|  104|  108|  109|  112|  114|  116|  117|  123|  125|  135|  137|  140|  142|  150|  154|  167|  167|  170|  171|  173|  176|  203|  212|  224|  228|  231|  248|  253|  254|  263|  264|  269|  275|  282|  283|  284|  294|  295|  301|  304|  313|  313|  315|  317|  317|  319|  332|  347|  352|  358|  359|  363|  363|  364|  366|  372|  382|  390|  392|  400|  406|  430|  432|  433|  438|  439|  441|  444|  452|  452|  473|  475|  479|  482|  482|  494|  504|  509|  523| 

n = 400, k = 100 ,n3 = 300 

   0|    2|    3|    6|   18|   18|   19|   24|   27|   31|   33|   39|   40|   42|   48|   50|   53|   55|   60|   61|   64|   68|   77|   78|   88|   90|   93|   95|  104|  107|  108|  109|  112|  114|  116|  117|  118|  123|  125|  125|  128|  135|  137|  137|  140|  142|  150|  150|  152|  154|  159|  167|  167|  170|  171|  173|  175|  176|  177|  178|  179|  195|  196|  198|  203|  212|  214|  218|  219|  224|  228|  231|  248|  253|  254|  263|  264|  269|  272|  272|  275|  275|  282|  283|  284|  292|  294|  295|  298|  301|  304|  313|  313|  315|  317|  317|  319|  332|  332|  334| 

n = 800, k = 10  ,n1 = 200 

   6|   17|   20|   33|   34|   45|   58|   65|   77|   78| 

n = 800, k = 10  ,n2 = 400 

   2|    6|   14|   16|   17|   19|   20|   31|   33|   34| 

n = 800, k = 10  ,n3 = 600 

   2|    6|   14|   15|   16|   17|   19|   20|   20|   31| 

n = 800, k = 50  ,n1 = 200 

   5|   12|   18|   19|   20|   20|   24|   24|   26|   27|   32|   39|   45|   46|   49|   52|   59|   61|   75|   77|   99|  106|  108|  115|  134|  144|  144|  151|  159|  162|  176|  179|  188|  194|  194|  204|  206|  208|  208|  210|  211|  218|  223|  235|  241|  261|  274|  279|  280|  301| 

n = 800, k = 50  ,n2 = 400 

   1|    1|    4|    5|    8|    9|   10|   11|   11|   11|   12|   12|   13|   14|   15|   18|   19|   20|   20|   23|   24|   24|   25|   26|   27|   32|   36|   39|   45|   45|   46|   46|   46|   46|   49|   52|   59|   61|   63|   65|   69|   74|   75|   77|   81|   83|   88|   88|   99|  102| 

n = 800, k = 50  ,n3 = 600 

   1|    1|    1|    4|    5|    8|    9|   10|   11|   11|   11|   12|   12|   13|   13|   14|   14|   15|   15|   18|   19|   20|   20|   20|   22|   23|   23|   24|   24|   25|   26|   26|   27|   32|   33|   36|   39|   45|   45|   46|   46|   46|   46|   48|   49|   49|   52|   54|   59|   61| 

n = 800, k = 100 ,n1 = 200 

   1|    6|    8|    8|   13|   22|   24|   38|   49|   52|   55|   57|   57|   60|   60|   63|   63|   67|   69|   86|   88|  107|  108|  116|  119|  130|  134|  138|  142|  149|  151|  156|  158|  159|  173|  181|  187|  195|  204|  210|  221|  222|  223|  236|  239|  253|  254|  255|  258|  262|  278|  279|  281|  294|  295|  295|  303|  303|  308|  318|  320|  325|  331|  332|  335|  340|  341|  342|  359|  360|  360|  364|  366|  367|  368|  373|  375|  383|  388|  389|  403|  416|  421|  428|  429|  430|  431|  433|  437|  438|  445|  470|  482|  484|  488|  498|  498|  507|  514|  517| 

n = 800, k = 100 ,n2 = 400 

   1|    3|    4|    6|    8|    8|   11|   11|   12|   13|   22|   24|   29|   38|   40|   41|   47|   49|   52|   55|   56|   57|   57|   60|   60|   63|   63|   67|   69|   81|   86|   88|  102|  107|  108|  116|  119|  126|  130|  133|  134|  135|  135|  138|  142|  148|  149|  149|  151|  156|  158|  159|  162|  163|  173|  180|  181|  185|  187|  190|  195|  196|  200|  201|  204|  204|  205|  210|  210|  218|  221|  221|  222|  223|  224|  231|  232|  233|  233|  236|  239|  244|  253|  254|  255|  255|  257|  258|  259|  261|  262|  272|  278|  279|  281|  282|  283|  283|  285|  292| 

n = 800, k = 100 ,n3 = 600 

   1|    1|    2|    3|    4|    5|    6|    7|    8|    8|   11|   11|   12|   13|   19|   22|   23|   24|   26|   29|   31|   33|   35|   37|   38|   40|   41|   41|   43|   46|   47|   48|   48|   49|   52|   55|   56|   56|   57|   57|   59|   59|   60|   60|   61|   63|   63|   65|   65|   67|   68|   69|   70|   72|   80|   81|   81|   84|   86|   88|   93|  102|  107|  108|  116|  119|  119|  126|  130|  133|  134|  135|  135|  136|  138|  142|  142|  148|  149|  149|  151|  151|  152|  156|  158|  158|  159|  161|  162|  163|  166|  167|  173|  180|  181|  185|  187|  189|  190|  191| 

